45
-72
55
-26
-97
-77
-14
59
-40
-68
-32
-23
-87
83
67
76
-67
42
-26
-61
42
3
42
43
21
6
62
21
-62
51
-38
-51
13
-45
-49
73
93
79
-55
-76
-10
44
0
-17
-21
74
-83
97
69
28
58
-59
-23
-68
-80
-16
40
-64
10
21
50
61
-41
49
-76
39
90
81
11
12
21
-14
88
29
16
65
16
-56
52
-84
32
-37
-10
24
-54
-11
-18
-57
46
36
-52
27
-36
-66
-66
30
71
-46
-19
-13
-63
-21
-69
100
-1
49
-61
52
-51
-35
77
-17
72
-52
-88
-41
-30
49
-80
-74
47
92
62
-15
15
-80
-3
-1
-15
31
-93
-52
38
-35
-26
-25
57
49
-40
84
25
24
-51
-75
-86
-87
13
60
-81
-51
-22
-11
55
28
-22
-71
-3
-57
-74
45
-36
25
87
-37
63
-53
-35
8
87
84
-17
71
-39
39
-56
-46
81
71
15
-62
24
-50
28
95
-76
69
11
-28
-90
-37
-25
76
-30
-80
-60
-92
-94
-71
49
34
-37
-72
86
34
-89
37
25
-66
-24
0
-60
-41
-84
-14
73
-1
-77
54
63
61
61
-47
69
45
74
36
40
21
-35
4
-34
87
37
-37
23
75
-31
-40
85
66
-9
11
78
-68
-84
62
91
-15
55
32
-9
-75
-32
27
-58
-14
-33
69
88
63
0
16
-27
-33
43
62
-22
-59
83
22
-42
2
32
91
-6
-73
-37
-12
-72
-61
-61
-7
-61
-72
35
-65
-24
-55
-7
-35
-16
-11
-50
-44
-70
3
8
-88
29
-1
70
10
39
-12
-53
-36
-59
-93
61
-97
-45
-36
-15
28
-74
26
-47
-20
49
-62
19
-73
12
-22
-10
86
-14
73
-72
-13
-32
20
100
-86
-67
77
-87
-25
22
-79
39
88
-48
-79
-44
56
-47
44
50
-40
75
-32
45
26
-37
-15
0
64
1
-29
92
-29
-61
-37
-67
-67
-66
-68
10
-38
-21
-29
98
22
-28
-61
34
44
-60
25
25
-95
-63
-51
6
49
-33
94
-49
-10
-34
-27
48
-32
-27
-65
98
-27
56
85
3
30
-61
15
-20
-2
95
15
-100
46
-83
3
99
92
-17
-32
-70
-51
-53
1
-51
83
73
-4
83
-79
80
-29
-27
-22
-44
72
9
10
75
97
-52
-68
82
-28
-87
-30
-6
-83
-31
-36
18
63
97
21
26
-22
-34
-59
48
100
-18
96
-6
73
97
68
13
2
13
-17
74
-58
-14
-83
13
-1
97
64
91
59
55
-22
96
-3
-50
68
46
0
-71
-17
92
-57
39
-65
-100
72
43
-11
79
-14
-8
-92
86
51
-91
-87
-75
-33
36
25
48
-97
-98
-93
100
66
-30
28
43
38
100
84
6
74
-71
-77
-76
-44
94
-59
22
37
-80
-94
19
-59
-2
-29
-71
-51
49
25
-74
-56
-37
-82
18
78
22
-13
87
94
-58
49
-91
-20
-29
34
21
34
100
5
4
-88
-24
46
10
67
51
61
-1
-41
7
-100
-8
47
-32
-68
62
30
86
51
35
-20
-54
58
64
-41
87
89
-44
87
-26
66
45
-17
-54
43
-75
-14
-47
-54
-68
16
-46
-55
58
-37
30
-83
-47
-66
-94
-84
46
98
86
28
-39
-100
34
-7
-52
34
64
-79
24
-78
-76
-30
26
-48
93
31
-24
44
11
-69
-98
-45
8
4
-50
37
-50
-1
-77
60
-48
-38
-60
-98
14
-100
53
57
-45
-99
-44
-92
78
37
-79
-73
-81
-69
81
-37
-4
-38
70
-24
6
-60
-77
53
-81
-11
59
-21
-88
-86
-31
83
-68
-48
-28
-92
7
54
23
82
22
70
66
23
79
-77
27
-34
-73
75
20
73
5
-67
24
-19
48
14
-36
-27
44
72
68
-31
53
-84
-13
46
-78
-79
-29
6
-100
-6
-77
8
33
13
-40
-50
54
-17
-98
-35
-100
-56
25
39
0
7
45
70
69
-15
8
-72
-54
1
-99
-85
-13
60
100
-95
41
66
33
38
73
29
-36
-91
-76
-31
-46
-90
82
21
-53
-89
-23
56
-13
28
16
-1
30
-3
-75
-64
-58
-32
12
95
-8
-96
-39
-68
-80
1
-96
-11
53
-26
-45
-21
93
45
54
86
83
100
29
31
2
-94
-76
-33
51
-51
22
-32
15
-17
0
33
6
86
-90
-78
-72
-89
63
77
48
47
34
-80
73
-4
-48
-39
15
-94
85
-50
64
41
-98
89
68
-95
63
8
-81
85
-27
-40
-82
-71
-73
-36
-23
-7
88
-29
39
-83
-88
-73
22
2
-32
-11
-29
31
-69
19
-47
-74
100
17
11
-80
91
95
-20
26
67
24
39
-58
26
34
4
-30
-85
82
28
-7
-35
90
-93
-22
82
73
29
-74
-52
-41
-5
-37
-75
-68
94
-97
-47
-12
86
73
63
-23
-30
52
-57
7
52
-34
34
-64
-29
-47
65
76
-65
91
86
-31
52
-56
-70
16
-70
-61
-48
92
40
-51
-37
88
-10
96
-42
28
12
71
58
-82
-4
-1
3
86
-68
-100
-48
-4
29
-54
-31
-69
-17
43
0
-68
15
-45
55
-12
-25
56
10
-20
-38
-67
-99
-49
-65
14
52
-19
-24
45
13
7
13
-14
-64
-32
69
-62
-94
50
4
35
42
-19
70
-54
-27
96
-96
24
25
8
18
11
72
65
87
96
78
74
9
-15
52
-60
11
79
47
65
-76
-51
-9
-66
-9
64
-80
65
100
72
-4
-13
6
-7
-83
43
76
42
83
-72
-51
98
65
57
-74
-2
-63
-26
-41
95
-34
22
-50
36
74
-30
39
-17
4
13
-14
-85
49
81
93
-40
71
-54
14
13
56
24
63
-46
39
49
-17
-61
-25
-42
-39
2
51
-95
-62
-87
-99
-27
46
15
52
14
54
-32
67
-91
-94
-88
34
61
-19
37
-4
85
63
26
44
-96
46
-93
-61
-32
22
33
-74
69
-7
-59
72
-28
78
21
-9
-4
77
-93
92
-99
90
21
-97
-60
91
34
-30
96
74
-48
-36
-5
96
-20
45
-7
-71
73
-79
-69
44
-12
13
-65
-30
-20
53
-51
3
-91
24
29
66
61
18
-92
-90
-5
-39
97
-38
-64
-36
78
-91
50
-17
-4
4
-23
79
47
95
65
-23
37
76
29
15
-19
80
63
93
17
36
-15
86
27
-100
38
-78
76
14
65
-2
-30
1
-17
25
-7
-8
-86
41
10
-75
-54
-26
16
28
82
40
0
64
-66
-20
-65
100
50
-22
44
51
86
-100
-85
-43
77
-64
65
-64
96
-3
50
41
-13
72
41
18
80
-49
5
26
79
43
-39
-26
-33
-86
-94
-7
-16
52
90
7
-8
84
-18
85
90
47
94
90
-67
-90
41
-72
49
-54
71
-53
18
61
-19
-17
65
-85
84
-75
-91
-38
-74
-46
-62
-65
-12
73
28
19
-12
-35
-20
-58
-48
-40
20
35
-68
-99
5
93
63
-67
47
-23
18
30
-88
37
14
-37
-17
-42
38
-13
-80
96
95
-89
-29
-78
-31
-23
-32
98
-70
93
-99
-2
84
90
-15
57
-17
-69
79
-75
-85
23
7
4
-51
27
-64
45
12
-93
90
65
31
99
-12
-29
56
47
59
18
-30
-95
55
-91
81
-67
-73
-19
-99
-4
-91
-76
-95
97
-75
29
76
44
59
11
-6
64
3
95
-63
65
-87
33
-91
-36
1
90
-62
-77
-22
-30
-74
65
93
13
-86
-70
95
90
80
93
68
63
-93
-82
-82
79
-70
-78
-71
37
66
67
-91
98
-31
51
69
53
-66
71
98
-23
-28
-69
-83
15
-16
23
-84
-30
-93
88
-34
-30
-10
-13
-61
-13
-48
66
80
-47
38
-76
12
-22
48
-80
85
-100
33
-18
-46
11
55
-67
87
43
44
77
-34
-50
96
-30
26
49
96
39
12
19
-93
46
86
60
95
-26
60
-47
-93
-100
9
22
-51
-76
97
14
3
76
-12
-72
-99
-24
-59
17
89
-78
2
54
-9
-90
83
60
5
-39
86
-74
-9
-1
34
80
65
85
-92
-23
-95
-55
-20
72
62
42
66
82
66
57
-14
-41
-86
75
100
-22
72
-77
-19
-2
-61
67
-26
-75
31
100
74
-14
-27
17
-48
72
52
-33
38
-69
-49
-53
23
-56
-29
-7
-78
-21
-26
-93
-29
62
-93
-76
25
-18
-7
98
43
30
-100
-88
-43
-70
51
46
36
96
-5
45
-8
-20
94
-67
-85
-53
-67
78
79
2
88
37
-47
73
5
-78
-2
99
-12
-23
-21
36
-94
-64
-46
86
24
-13
-61
76
88
93
78
-31
28
14
-16
48
-88
5
78
-8
-49
28
-10
78
-3
88
-12
-90
-31
17
27
-22
60
87
44
-19
34
37
43
-40
-28
5
48
-23
-28
38
-91
78
37
-75
33
-54
16
91
84
56
20
70
6
86
70
-5
5
65
37
-48
47
27
24
-73
-99
-67
76
-9
3
89
43
-37
32
-90
84
-66
89
80
-73
-3
19
-69
90
16
-36
24
77
-98
11
-2
73
16
5
-21
-86
-11
8
-19
69
-12
25
21
0
-38
-36
-52
-44
-12
-42
-44
100
-20
-72
-38
13
-81
27
93
-88
-11
1
-36
73
-5
1
41
30
-17
-62
-90
-21
24
-78
58
60
-16
26
-86
30
-26
-19
-59
-27
-90
27
27
-68
21
-12
98
72
-3
-34
-40
27
60
4
12
-80
-60
-42
86
-62
-89
7
30
2
9
-74
-68
5
-4
36
-33
16
-56
-96
-74
1
-52
-35
-14
-64
49
31
-17
57
18
-99
99
89
-47
-28
68
79
81
-18
86
82
41
71
-4
-28
33
-76
49
-13
57
-62
-37
-27
94
-30
-54
5
92
-58
-98
-30
99
-82
57
0
-12
-54
-61
-22
86
-78
74
-66
62
1
37
55
81
-1
45
-95
-2
-66
-50
-40
55
-73
-51
52
77
-11
-12
-34
66
-56
73
94
13
-83
13
89
-41
-57
-14
47
44
-77
-51
34
58
92
39
2
-38
97
87
-62
68
29
37
-69
39
-100
-55
7
78
-68
82
-52
-91
-25
-53
78
-39
22
13
35
77
-45
83
-16
-40
75
37
39
-46
-15
-70
0
31
-99
49
-23
34
90
-43
-8
-75
-3
79
-70
22
-35
72
100
-24
6
44
-72
-31
80
-64
-1
-58
72
31
99
-45
32
53
-16
-12
-81
28
-54
-80
-98
-25
65
-68
-69
-44
42
-6
-89
34
-66
-97
35
95
-60
80
-89
-23
7
-87
70
98
-11
96
-86
69
-88
29
-61
65
90
-61
95
-21
-92
37
54
-37
60
-56
-91
-75
-48
42
-76
-38
89
17
94
22
26
-53
88
-58
-95
-3
66
-68
10
70
-35
-59
10
-41
-18
-98
21
42
-79
-98
36
-91
-30
96
-45
-10
-89
-35
-27
24
69
-70
38
-37
-4
1
61
30
-96
66
29
52
66
-50
35
80
30
-7
-26
-88
-5
-92
-87
25
59
35
74
81
-86
45
-30
4
9
83
-93
3
-21
-55
-43
18
-84
-17
-29
-76
-2
36
19
-45
-71
85
-25
-36
-13
-28
14
-20
73
-58
-9
48
-60
71
-27
6
7
-71
42
-10
-18
44
-89
38
67
-100
9
-18
84
58
-19
-26
-49
15
45
-40
-83
65
-45
54
-81
48
-50
-35
3
-98
6
-95
-21
-59
-6
-98
10
-37
-78
-23
-30
99
-30
-2
-48
-39
94
-29
-56
-49
84
67
31
67
-95
-46
71
-8
22
93
35
-9
-96
86
39
87
61
4
-79
36
58
-10
-100
-61
-53
0
-6
50
82
39
-5
90
95
100
62
34
35
26
72
-24
80
-9
-31
-50
-49
33
-84
3
85
55
-60
-2
-38
53
21
87
-54
-81
-41
-43
-26
-79
65
5
62
-81
46
-46
-71
88
-41
-76
3
15
-44
-39
0
61
67
19
11
68
-26
50
30
20
-68
2
-6
100
-29
49
-64
-72
78
5
60
-77
-21
72
1
58
-70
91
-66
8
2
18
-94
-61
-63
-64
-97
18
8
66
-52
-11
-96
-74
-85
-1
-67
31
95
-21
-6
53
-51
85
-71
-64
-66
-52
-67
14
-8
9
-4
-22
3
-73
-100
98
-9
96
86
32
82
-51
-29
-92
-85
66
91
15
31
-67
65
32
-58
-36
87
57
5
-4
-41
-99
49
-93
-71
-58
86
-24
-64
70
-91
-72
15
78
54
-34
-15
-3
82
-55
-60
19
60
86
50
-66
-32
32
-44
2
57
60
-26
24
-66
-88
-54
6
-45
21
58
5
13
49
-1
98
20
-100
50
16
98
70
34
20
23
84
62
23
73
78
100
-47
-35
-10
-63
-58
28
25
-60
82
-61
-79
-23
16
-97
88
-37
-63
-11
14
-66
-31
33
-47
-25
-67
68
100
-11
3
-89
82
40
22
96
-47
-28
76
37
-4
1
-53
46
-42
72
-84
13
-8
-79
87
95
39
-94
13
-17
90
-52
-30
-15
-44
56
-73
53
-69
-76
-43
90
-17
87
69
-90
96
59
11
-97
-11
-2
6
92
-3
-22
4
43
-73
64
-34
-52
94
40
69
4
43
54
81
37
83
-93
-97
29
89
-81
-53
6
-39
54
76
-42
-97
-82
-8
-78
28
25
-30
41
-83
20
99
-48
-37
-40
84
-70
94
64
-95
-90
52
-42
-37
36
17
40
-12
-89
-55
45
74
-99
-15
-97
-9
98
92
92
-95
-80
-26
-85
-51
42
12
86
66
-16
99
-1
-21
55
-39
12
1
-67
54
-9
-85
-53
49
-57
17
65
32
41
95
8
34
-23
-93
4
-97
32
89
-20
95
-60
-71
-62
-84
-35
66
-36
18
69
81
60
-15
17
-7
-39
79
37
35
85
-7
23
-87
29
-27
24
-21
-61
100
-31
-1
91
-14
74
44
-67
28
52
42
50
-23
-18
5
-83
-29
-42
99
-71
36
20
-11
52
-88
62
77
-27
-73
-28
53
-68
-45
-90
-65
49
53
-47
-17
37
-87
-13
-89
-36
100
-46
50
3
-62
-99
-62
-32
-84
8
11
-24
-95
15
98
4
-68
-14
-10
-13
-33
-16
60
87
80
-60
-20
71
95
16
83
-30
-60
-91
63
-48
-62
-48
-39
-81
16
90
24
49
2
65
-37
-75
15
80
47
-95
22
93
-76
76
99
-86
92
59
-88
-55
72
53
-88
96
52
38
49
-19
-38
-33
-75
13
-57
-43
-14
-90
3
50
-60
4
-25
-13
40
70
40
98
23
97
-10
85
83
56
-96
-36
-15
-89
-23
-77
59
-21
-65
8
-48
20
-96
-2
-41
24
96
-13
10
-92
75
-9
-94
21
34
-97
-24
14
-33
2
-16
2
-11
-4
71
-88
88
86
-40
-32
-59
-55
-32
66
15
76
-60
73
71
29
93
-62
19
-57
6
18
87
-54
89
45
-40
83
-22
22
99
22
10
74
47
45
64
46
-21
-40
-78
16
16
69
-68
58
27
-76
-83
-53
7
19
79
-2
-86
49
-32
-8
-40
9
76
22
43
-40
-56
-10
-45
25
75
75
76
73
29
21
63
5
40
73
44
95
-16
-17
88
65
-16
18
71
-89
-52
-84
89
-22
43
7
29
52
-10
12
0
-64
81
-33
9
-99
4
-62
-63
11
39
31
70
79
-83
-74
-35
-81
-67
71
79
-56
61
82
-25
-64
12
27
-7
32
-71
1
-99
-44
14
-18
72
60
14
-42
-75
-2
21
-49
-65
25
-10
-45
-2
-45
-89
-100
-12
-8
-3
99
22
59
66
-22
19
60
-73
50
-57
-89
-73
-3
-6
85
-65
-34
30
-2
93
32
-5
80
36
-17
46
10
8
-35
24
50
-69
-44
-14
-55
-74
31
-62
-12
42
0
67
81
-2
-73
-27
-78
-16
39
-2
21
1
88
44
-32
-17
40
-70
-89
-37
77
69
24
20
-90
-32
18
-59
-62
-5
-44
32
-85
-19
50
-54
23
18
-37
-74
-2
-26
1
24
-74
30
88
-95
40
-80
29
44
25
-63
79
21
-71
28
-38
-78
-58
91
86
-24
70
-21
-99
2
5
-77
-65
-17
8
87
-78
-18
-36
-15
-59
32
-41
1
3
-18
-53
3
93
-53
63
-22
-41
-56
-3
-21
53
-88
-33
47
98
53
-29
45
-3
56
-27
-47
70
-96
-76
-49
66
77
84
-22
-54
-69
43
-76
12
-80
-80
45
-83
62
-12
-75
-9
100
-3
-9
50
-89
10
-77
-83
37
7
-68
-67
-15
21
2
-69
88
3
-98
40
-17
32
-66
2
89
0
28
-4
66
-60
-29
78
94
-42
45
28
-84
-16
-90
-79
78
-46
37
50
-24
15
68
13
81
-42
-48
-7
3
-92
10
60
67
33
51
11
-84
70
60
-43
-6
13
-3
21
-41
-83
87
16
82
95
-30
6
97
-47
-74
-20
23
45
-32
80
-69
-54
-74
-8
69
-18
-18
64
-22
-27
52
-34
26
27
-100
-82
70
-9
64
88
97
93
-75
13
52
8
-8
18
-14
-28
5
-88
-78
-9
-77
-8
-75
-59
-90
52
47
-61
32
-36
-48
92
78
88
-78
-69
35
-49
86
-36
-43
100
69
72
61
29
60
24
-8
-55
-11
21
17
-48
44
62
-68
-43
61
95
92
-51
65
-71
89
52
-67
92
-53
-99
77
-75
-12
-72
-70
39
-27
-90
-34
26
-54
-78
-33
66
81
-85
47
-39
-19
-18
-49
-9
-17
22
12
81
26
84
-61
-45
38
89
7
97
82
-35
-66
80
-54
-32
29
-22
-42
1
-35
78
-47
37
55
-97
65
-98
-84
97
-34
47
65
-8
21
25
42
1
-58
8
-40
80
41
-7
-62
-3
69
64
-21
-12
64
31
95
-6
25
48
19
-53
79
-38
94
89
-90
14
-45
-43
-3
78
75
-80
-89
90
-16
-8
0
-82
93
-14
-49
56
-85
-45
60
100
16
-33
81
79
26
88
55
-100
77
-44
-53
-32
78
44
29
-31
-41
-95
93
51
82
-49
48
64
46
27
66
-3
-54
-52
-24
12
88
-74
66
-83
-45
-87
12
-46
-100
43
29
-21
-26
99
-24
-55
83
-66
-48
-60
-55
-59
-89
58
66
27
-75
-88
78
89
97
-9
-23
65
-7
56
87
17
-96
-97
-31
64
-53
1
97
-86
37
84
-90
-27
61
-51
-76
-12
-69
-65
8
11
-87
-23
74
-62
-92
-22
-55
65
64
-32
16
-92
55
-30
77
95
-14
-57
92
3
23
-53
89
-99
3
-63
-74
-67
-77
-17
81
95
98
51
41
-84
-73
-97
-72
-94
53
53
39
-52
35
-48
72
-81
-38
51
72
68
86
5
48
93
-11
100
70
70
-98
26
-90
42
97
-86
95
-46
-47
-60
-41
57
1
2
41
-17
73
-77
-49
-1
9
-41
56
70
91
67
68
-89
-63
-47
-64
-1
7
31
68
-6
-3
-75
46
87
-61
51
-39
-80
-64
-52
-100
-96
-63
-24
-14
76
-57
82
-54
37
-59
67
-20
83
-42
-71
-83
91
43
-14
39
18
-64
-59
89
-60
68
-24
-28
32
55
-79
46
-47
4
31
-15
16
52
80
100
-82
-37
-83
-4
-90
68
85
93
64
-70
88
-13
-94
-50
-47
54
92
-1
53
79
-4
-80
-37
-44
6
45
-63
-88
-20
72
49
-31
-30
15
-29
11
58
-45
-68
86
-73
-89
0
-72
-52
84
-11
-54
-25
-98
-4
-38
-20
-33
-55
-64
75
72
-79
-6
-30
61
-40
-42
85
-33
-97
-22
41
13
9
-65
54
-79
-83
31
-89
11
10
-50
87
-25
-88
26
-16
-21
-26
-82
-44
32
-50
20
-8
-88
-5
-91
98
-76
-78
-77
-74
46
37
-10
-90
84
42
60
-69
58
59
5
32
-94
-54
8
-32
71
-92
23
5
25
-58
54
5
39
-84
-92
-34
-86
3
-96
39
-20
-16
63
-2
35
62
-6
27
-88
-6
-25
-83
-12
-50
20
0
-67
-2
-44
11
53
-42
-41
13
-22
-6
-56
68
60
-26
93
-23
-67
71
-71
99
51
-2
-9
55
76
25
-58
49
-6
27
-97
-37
68
-25
51
-32
81
39
-25
76
43
8
88
11
15
-38
85
33
-98
-43
-15
-2
-61
32
47
25
89
-8
4
77
-24
47
-25
-80
-36
5
-43
44
41
-45
5
-60
100
7
-48
-100
85
-32
23
-57
-14
-11
50
5
-29
16
-13
90
6
28
-85
85
51
-48
-38
10
-7
-57
-47
68
-49
94
51
-12
-33
10
-37
18
-63
-87
67
-26
-90
-35
8
9
70
6
-6
85
5
-90
-32
-17
91
-29
48
-6
-62
-1
-29
73
29
-58
36
38
-4
-60
-100
7
23
99
89
36
16
27
54
-100
-58
64
69
38
57
-86
40
1
-75
10
73
-10
-94
-82
-93
95
-76
-14
42
3
68
-99
44
63
36
-73
-37
84
66
-70
54
-84
-23
1
57
95
-85
-77
-15
44
56
-16
-40
63
60
-66
-24
35
29
8
-8
34
-25
-91
51
83
50
33
44
43
9
53
49
-47
-99
67
81
-93
-4
-59
-99
-82
56
-75
-25
-13
-55
77
95
8
-75
62
-1
91
84
-83
-71
5
-9
-85
-60
53
89
-41
21
27
-97
-22
-12
4
85
-45
-66
-62
-41
-15
-38
39
-51
-43
-3
95
-44
55
-13
68
-21
-6
65
-89
36
19
-26
56
48
-13
17
58
-64
52
43
-81
-6
-90
-31
-31
-23
54
23
27
-4
-55
-49
-95
-27
2
84
-18
-95
100
-12
92
-33
46
41
24
33
79
15
-36
10
90
2
47
47
75
5
-4
-50
33
-75
27
-16
-36
14
23
-59
53
-9
-45
52
-95
15
69
-6
-17
36
-86
-54
99
75
94
-35
-43
68
-54
81
-89
-45
82
-49
-95
49
-41
-1
-28
-67
-92
3
-14
4
-77
-68
56
31
79
25
92
-21
9
83
-98
-10
89
-96
-79
-82
-52
-22
43
88
1
-22
67
-9
-5
58
-35
55
15
-40
78
-64
88
-49
-3
96
62
-19
53
34
63
-100
-60
13
41
99
-89
-78
-79
-26
46
36
-96
-13
-32
19
-50
27
70
-31
61
-74
-32
70
-93
18
-95
-49
44
-67
21
8
-37
-98
-24
41
-37
44
-97
40
46
-91
17
-31
92
100
71
15
47
-61
24
44
54
10
80
-35
-60
23
21
-76
45
-35
-38
96
-44
-88
-87
41
-63
97
82
30
50
-55
25
-84
80
39
90
45
-7
-79
41
25
58
61
-78
-31
44
-59
32
-83
53
-74
-81
-10
66
5
22
-91
86
-26
-74
-45
-51
47
-8
79
63
18
12
45
-44
-1
17
95
-65
-65
-53
-96
85
71
65
-41
53
91
-89
-77
16
58
-32
51
39
-52
-47
23
70
-86
20
-25
34
100
-32
-34
-54
-29
-56
-88
-23
-43
28
43
-49
86
-92
-96
93
-13
78
23
44
97
26
82
-11
-33
-62
-77
-51
58
86
28
57
-47
-63
-65
-23
-97
22
-6
38
67
-29
-42
-99
-85
62
30
-82
53
-58
-92
68
-50
-6
-39
-8
-69
-65
46
-84
73
100
-34
-37
-55
-3
-82
66
-48
74
67
-18
-88
24
14
73
-53
28
-22
-10
-100
70
1
30
-81
-48
15
-41
-44
-60
90
5
58
-43
25
49
53
-89
32
70
-83
74
38
-18
91
56
-40
79
-62
-34
-45
41
58
-95
-15
71
94
32
4
-26
-69
71
-41
84
-44
97
-69
29
97
98
-64
-5
-96
-69
31
66
37
2
17
-50
-12
-96
-100
60
-24
-59
65
-18
82
-72
40
-75
-100
44
15
-54
19
96
85
53
98
-96
17
-31
-39
8
99
-28
46
-64
4
7
-15
100
-51
-61
69
-32
-76
75
-71
-38
83
-18
16
-79
63
95
35
-2
60
-61
0
-5
-76
-44
75
1
17
18
-6
49
-95
1
85
-35
11
-88
-81
92
63
23
53
-78
12
95
29
-36
-87
58
-98
-96
93
-87
24
-57
-30
31
53
-62
81
-39
-17
-75
64
53
-56
44
-88
44
-30
10
75
-35
27
-78
-5
23
7
-66
-35
42
-10
-13
82
-66
-72
-55
81
19
-56
-3
-82
95
57
-42
76
45
24
93
7
64
56
-57
-72
73
-82
-86
-85
23
47
7
65
5
33
31
-72
31
-41
15
-15
8
11
-89
-23
93
-20
1
59
-13
7
18
55
67
-94
84
32
26
-70
-82
10
53
69
-92
-37
-4
-77
-19
99
68
82
36
-57
6
-27
81
0
-89
1
73
34
40
-54
-66
-67
-22
93
-13
56
-1
31
44
78
44
22
-21
61
95
36
-16
62
-91
-71
13
-38
-41
-88
-53
-100
-83
-16
-67
-19
-24
4
-74
-84
-82
48
71
69
-14
-22
-32
-77
-92
52
-34
54
72
79
62
-77
-41
81
84
60
74
-37
-17
-4
27
22
42
-64
9
-96
-21
49
-24
-65
-2
36
3
8
75
26
64
-24
83
-14
0
50
-74
-11
-8
-83
-37
-91
-33
-54
58
73
-47
67
13
2
-69
-59
39
-57
73
84
35
-52
-54
75
81
37
69
-93
-86
51
-55
-71
84
-90
-58
-32
3
-81
87
-85
-89
27
-100
-58
-77
1
96
-56
-44
99
75
33
2
-31
-4
-26
-16
-92
-3
53
81
1
80
2
71
-91
-27
-7
-92
-92
3
-82
39
-2
69
-61
31
6
2
-30
-74
93
-7
100
89
38
-25
58
-90
74
-93
3
-16
56
-56
26
-38
53
-70
-68
-45
96
-46
-65
90
-45
-4
-10
34
83
90
-32
10
62
11
-72
69
79
-80
-16
-4
97
49
-76
-25
-79
-15
-5
62
96
-81
-100
32
59
51
-38
80
-42
-22
95
-9
-24
34
86
17
43
-100
67
37
-8
-27
-19
-88
-29
-15
-70
47
88
-67
-74
38
-81
-90
22
-99
-18
-25
24
65
-4
70
-13
-100
95
36
57
-30
-83
-49
74
-76
69
-35
53
68
-10
32
-40
-89
35
-34
-87
67
-16
77
-50
7
-98
15
-12
-96
84
-44
31
87
83
-94
-58
-56
-81
-68
49
12
-18
85
-50
-77
-92
-84
-9
-24
-100
-93
-74
-4
83
85
31
27
-60
-32
52
-8
-76
-3
51
95
-77
-11
97
88
-73
-95
98
5
-15
-54
-25
55
4
-34
-29
14
-85
-91
1
100
100
29
-65
-100
-19
-59
12
-40
34
73
-59
-19
-28
-50
-78
68
-98
-18
-60
16
13
-22
-18
85
-52
-19
15
-77
5
-75
92
-1
62
47
-68
-43
18
-55
72
95
-92
40
69
63
-86
55
23
-21
-11
-25
23
43
63
64
36
87
-22
-40
29
3
40
-20
-78
-30
-35
-27
35
-34
-73
77
49
-53
27
-99
19
63
-62
74
36
-98
24
-69
-69
-11
-43
57
-27
-92
51
-57
-19
-73
-40
40
-63
28
-22
-69
-30
2
58
-46
82
34
11
-60
64
15
48
88
-27
65
72
74
94
78
15
-44
-30
-100
47
-53
-57
-56
98
94
-42
-79
63
-91
22
3
-43
-73
-37
46
20
-77
-24
-79
-30
-22
-64
47
-3
44
-98
7
-18
80
-91
-99
68
-44
35
50
65
-74
-17
-47
17
24
-50
-89
-7
-74
-11
35
23
-71
65
32
52
-44
30
-67
75
16
50
84
-55
-20
-52
42
-85
-96
33
16
-25
18
-47
-93
98
-66
-30
-12
-7
4
0
-12
-92
-52
-15
47
-57
31
-66
-24
32
-45
-27
3
61
-81
21
-37
77
-53
-11
22
74
74
-87
40
35
-25
33
75
-44
-87
61
76
93
-93
-42
-52
-8
-92
-99
-12
-6
22
6
21
86
-98
-63
26
-36
-70
-48
-47
-1
-85
21
-82
-15
-8
35
-14
-30
55
-19
65
94
-67
9
-58
69
75
82
-50
-46
96
-22
22
1
96
-81
-50
-20
-34
-25
-80
45
53
-7
7
1
-32
83
-91
-59
-5
-31
-3
17
-66
-63
-7
3
-69
93
76
-91
74
-16
-50
83
-1
-4
-74
-55
13
-21
48
-64
12
-86
76
-80
-51
-49
-56
72
-4
18
76
45
-81
-50
37
-82
-73
55
63
15
-40
-9
-77
63
36
82
-86
-71
99
79
-79
-67
-70
-100
44
49
-39
10
5
-94
27
-2
45
-86
10
29
-81
-54
-94
-80
-55
-42
-50
-34
-30
-100
-53
-78
50
47
-28
-29
-55
31
-69
38
99
17
12
-72
48
14
-91
42
52
-19
95
-71
-88
87
-77
75
0
-61
-76
-31
43
1
-97
52
29
-36
-62
-71
14
-39
-1
100
-4
-84
33
25
77
15
-76
-84
6
14
83
-30
0
17
-30
-80
-43
79
-37
-76
91
-94
59
-47
17
-19
21
-33
93
79
-12
-43
6
91
39
6
-82
97
3
71
25
-6
70
97
-11
-7
-5
-21
98
-79
-24
-99
94
33
-20
63
2
-98
23
-3
-95
-37
-28
16
-94
33
99
17
26
52
71
93
-47
42
-24
-40
-90
-32
69
52
-82
16
-75
22
-28
-32
-30
-58
60
-86
28
-36
-5
20
58
-42
-33
42
-4
98
-80
38
84
-93
60
82
-29
-34
67
13
-9
-66
16
12
67
65
-93
34
-77
-72
14
-10
-8
13
24
-52
4
15
-44
95
99
-54
-34
-79
12
12
-61
12
-58
-20
-70
-46
54
57
22
-67
78
-58
57
40
19
-23
77
-23
-62
52
-77
-54
-100
-8
-71
71
65
53
-48
-5
5
-34
53
58
-38
36
15
55
86
-55
87
51
-45
-14
35
-85
74
94
1
76
-57
13
94
82
-83
22
10
-6
-73
-62
-83
90
-19
-54
67
18
-35
-51
99
54
-24
-89
-16
-59
11
-65
44
-55
79
-4
97
-53
61
91
78
-82
-21
-29
68
0
-62
-31
-28
19
78
-7
-58
89
-17
-75
-3
-72
0
11
86
-82
-25
26
73
19
87
-36
44
-74
95
-91
67
-9
-46
28
56
-90
-37
60
21
-55
-75
21
-54
-74
24
-88
50
34
-93
-34
32
91
72
70
47
-82
49
-12
-6
-83
-31
-56
14
-15
-39
68
-12
62
35
40
7
93
-34
-61
51
68
-89
-47
-20
-46
-60
-34
-20
7
-72
-97
19
-45
46
16
-44
97
-18
-51
-73
34
-80
-39
91
54
-9
37
-51
97
-7
-49
46
98
58
38
-40
21
91
-59
-30
-12
77
-83
84
57
56
-11
-11
66
-28
-25
-26
72
18
50
10
-96
-34
-82
24
-26
-2
33
70
-4
4
-16
91
-38
-79
26
-48
25
72
62
-56
1
87
100
-51
77
-55
47
57
71
-6
77
-24
16
35
-81
-54
-79
-70
-46
-9
75
53
-76
71
-75
-52
48
-95
-51
-58
13
-41
100
-61
-87
-80
22
-24
87
-25
-44
-21
-3
-81
-100
13
-34
12
-60
54
50
85
-87
77
-22
-27
-75
93
8
28
71
12
49
-52
93
-46
-68
69
-54
37
35
59
-7
83
32
57
12
-100
-35
39
-90
73
84
-11
-89
-58
-70
94
-60
21
93
24
14
-32
71
-32
-19
-36
52
20
7
7
46
-74
-28
-58
20
-5
-68
100
-73
-78
-87
-24
-22
26
45
-91
88
-44
-55
-78
14
84
16
39
80
-61
16
-24
87
85
-47
36
83
-22
-61
4
-36
-95
-14
-45
95
-30
-97
-72
-36
74
-66
50
46
-35
98
2
-50
-33
71
36
-23
-13
-93
86
78
60
4
-7
-48
-36
-98
-94
2
-11
98
-27
-53
7
56
78
72
16
-38
-95
-96
4
13
81
74
-69
-54
70
-24
64
-92
70
-78
-44
-16
-51
96
87
-17
87
25
-90
34
-39
-29
-37
100
-12
8
87
-30
45
66
-78
-36
53
94
-69
63
-60
-85
-85
16
-80
-71
-20
97
-90
65
-68
-3
60
-28
12
-7
64
-17
39
-70
19
19
-26
61
-5
-53
40
-53
8
88
26
85
-25
-45
-17
-76
-99
35
-88
73
6
-66
32
68
-36
26
-87
-74
80
-72
-48
-33
-22
67
-82
-33
-56
-69
-23
54
-39
-83
-35
-17
92
-63
-76
-46
-29
0
-29
-59
66
-2
9
92
24
-15
-56
-34
-36
-8
-48
-81
-94
-40
14
-86
10
-83
-98
96
-83
-97
-100
-49
-25
-9
63
28
-82
-78
57
6
20
-64
-45
90
44
39
5
-9
9
12
71
65
-9
77
-70
-33
8
23
1
-37
-72
-74
35
-93
-68
100
73
-34
91
-87
62
-53
-99
34
-43
83
84
-41
89
19
9
3
62
-69
-84
-93
-19
7
-59
38
79
6
16
16
63
14
6
91
50
-84
44
1
59
50
-10
35
-43
-76
-44
-81
89
-30
95
84
6
75
61
10
70
85
-34
-5
-77
-56
59
0
12
-91
96
-33
-12
33
-99
-72
-40
-36
-83
56
0
-26
-41
-9
-28
-77
-50
54
56
-59
-24
-74
96
-2
-29
59
47
5
-74
-60
44
14
96
-82
-75
-41
92
19
-30
11
-42
-33
-17
-80
2
76
24
5
-35
-30
-37
-17
86
-77
4
84
37
72
-7
-68
-86
34
-45
-49
18
-25
-77
42
78
74
76
69
-52
-79
47
80
13
-21
-56
-89
100
-97
-64
85
-99
-74
-43
88
70
38
-83
91
99
78
40
-86
8
-90
21
-48
50
59
34
-50
-62
56
52
88
-13
77
67
-63
52
38
55
-57
94
70
70
-48
21
-78
19
-86
24
-82
-31
62
16
45
-62
-68
61
-9
30
-22
56
-43
33
72
41
69
-58
14
7
-90
29
71
52
58
-99
34
45
52
-40
-97
76
15
36
11
54
-1
-19
-45
22
-90
-66
-98
61
91
24
62
44
77
-27
84
-100
89
40
79
-90
65
43
79
55
83
-6
-29
10
76
15
89
69
-25
46
-85
-65
77
79
25
70
-38
65
-31
-97
0
-48
-100
21
46
1
15
-13
71
97
-43
96
-28
43
38
-76
-51
50
-11
-1
-1
-94
63
47
45
5
-21
38
6
74
16
-16
47
-69
-70
-51
-54
96
84
-5
83
-18
57
-61
49
44
33
2
53
32
-33
-99
34
55
99
49
-93
-56
18
-18
62
-75
89
-34
66
-50
87
-75
14
-61
65
52
-98
3
7
-83
-96
29
-29
-40
87
66
47
93
32
43
-33
-76
-29
-17
13
-8
67
-4
-41
99
-36
40
35
-59
-44
-48
52
-65
-22
65
58
7
-75
-4
-9
94
18
33
-66
51
68
-57
-100
71
-71
20
45
76
-98
30
27
50
51
33
-84
-35
36
-52
-18
-46
-37
55
50
14
-11
22
95
80
20
-15
28
-84
71
-40
-27
-53
0
26
0
-16
-24
-74
-81
95
58
23
-1
-99
58
-26
-39
-92
60
29
-45
-8
93
10
-95
25
-67
-17
93
75
23
-27
46
91
44
43
-43
-39
-90
32
-22
-19
-26
76
-96
-36
-76
-22
-96
-89
-11
-73
2
58
-52
25
-76
85
-14
14
-65
-20
-90
12
-17
-10
-7
62
88
-14
29
-73
23
60
-70
-25
-2
-67
64
7
84
-94
20
96
-61
10
52
-13
-83
-60
66
-90
-1
62
39
-28
-37
-1
-87
-88
-13
84
-47
-17
-84
73
10
27
60
-41
51
78
-100
3
-87
-70
83
-61
-43
-53
79
-21
-12
-61
-1
5
-8
57
-34
36
27
-70
15
-81
24
54
72
94
-14
-21
46
-86
-40
16
13
92
20
65
18
61
9
-45
15
81
66
-100
98
95
94
-24
-80
-4
-83
24
-70
-93
92
86
89
-69
55
-46
25
-51
-74
8
-17
46
43
-88
67
-32
-55
35
84
-77
91
48
-10
-12
60
-85
-82
-89
21
8
-67
-83
-94
-89
89
5
-46
55
-20
30
-14
26
7
61
-93
80
100
71
-53
57
81
52
43
69
-2
70
61
-72
-66
77
-83
83
77
-91
28
-52
58
-12
-12
-55
-82
-55
55
72
-29
-81
41
47
80
96
11
35
61
-93
-99
8
-47
62
60
84
53
-29
49
29
-32
80
88
-41
-68
-1
13
-33
2
35
61
47
-41
68
-79
76
-34
24
36
64
-36
63
95
-69
-75
-29
-29
-65
-14
-38
-47
61
38
10
-1
-96
43
-73
-13
-28
37
31
-7
-4
83
-79
37
30
4
85
-5
-31
-11
83
-21
87
35
20
71
62
42
-72
84
67
-88
-91
-52
-42
-18
-63
-87
-17
96
-17
-29
89
-24
89
-47
30
-20
-60
24
63
91
72
62
-90
30
76
-57
14
85
-54
-7
-94
18
-67
31
42
55
91
-91
48
32
-54
74
-77
-17
67
-19
-52
50
76
-32
-7
17
74
50
42
-88
36
-71
80
46
64
-52
77
100
-78
-38
62
-39
9
-89
74
-73
43
66
72
55
-88
-78
50
57
68
-74
-82
70
-30
93
96
-84
28
25
-79
-53
56
91
-33
91
62
-5
-49
-42
-100
81
-51
-57
-79
52
-29
-7
-41
79
78
61
-91
-33
86
80
80
37
83
-56
55
67
6
-7
-100
6
87
-35
-20
32
-2
96
33
-11
-95
35
-81
10
-99
63
-40
-49
-21
-89
-61
-84
87
-76
-83
-35
-91
61
-65
22
-70
68
88
70
32
22
-89
36
-17
91
-78
19
-51
-41
64
-66
-49
-76
92
-27
-24
0
83
-63
2
-3
-44
-59
-59
-73
72
51
69
18
93
-2
53
5
52
37
-51
-82
14
-7
-50
27
97
98
70
55
31
100
-88
-43
-29
12
-24
-39
55
83
42
-10
30
-52
53
-70
78
-84
-31
13
26
-58
65
54
87
95
-51
15
50
-46
-5
-58
-22
-83
41
64
-36
-21
-34
38
44
-97
-84
53
27
-61
-17
53
-48
96
12
-58
26
-70
-42
23
-8
88
84
-49
52
-24
34
-69
-23
28
85
1
-59
21
-5
-85
19
-61
-49
39
-29
-28
99
-39
-81
-88
83
1
51
-78
83
95
68
44
29
50
-66
32
-96
-85
-57
-52
81
-71
-33
-23
-90
69
67
-56
-6
36
36
60
64
22
-81
-38
-62
-10
41
13
95
-53
17
38
11
-53
-99
-91
54
0
89
98
-46
-15
5
-61
-91
82
-62
-87
45
46
-48
-1
63
-91
-72
-79
42
-74
-51
94
56
-60
-77
39
-39
59
25
-28
-37
-9
-19
5
15
-57
-56
37
8
-63
55
87
-41
71
-49
-16
71
50
88
-74
-15
17
-25
-42
-66
-54
54
21
14
-69
-21
82
-85
-98
55
76
14
-5
72
92
85
-78
-33
-23
12
79
67
-31
62
83
34
-55
28
9
4
-52
-89
67
22
93
75
-49
9
-17
84
-75
95
-10
30
-78
-88
-21
-58
-40
-30
0
91
-89
-63
41
23
28
59
-98
95
-95
-75
-76
-34
98
-16
-85
2
68
-73
90
-86
60
12
-75
43
36
43
-72
58
-98
55
-64
-30
-12
-42
-68
-93
46
-27
57
63
-85
32
9
15
-51
-50
-18
73
72
50
73
82
-100
-69
-97
-16
-70
57
-16
-90
72
94
39
85
-91
17
60
-18
6
-44
89
-53
97
31
-92
-69
-49
81
38
3
-83
51
61
97
63
25
-55
-23
37
100
32
-95
48
-74
-38
57
-92
41
57
59
-41
-74
-35
79
98
0
-78
-66
88
99
49
7
-54
-92
51
-40
85
-45
-34
-68
52
35
-29
87
55
69
58
49
95
-10
-73
75
64
71
69
10
-5
-66
-25
1
62
-5
49
-91
-31
-34
-11
83
21
96
-29
82
61
-49
13
9
2
-79
-33
-91
-17
10
31
81
13
14
-4
-8
12
-71
-63
16
66
52
-90
36
71
23
40
-2
58
-81
-45
81
-71
-28
-44
-30
59
39
87
-10
59
-34
-2
-62
-92
-31
-44
0
49
-63
-23
-64
85
-48
30
-49
-97
44
4
-48
80
-98
92
-47
78
-74
-91
47
80
49
53
45
46
12
52
-11
7
44
85
27
-76
82
55
-31
16
-80
11
47
-24
55
-58
-14
-2
80
-54
-50
93
-64
-6
-50
59
-33
90
46
-57
99
86
78
-73
-89
-23
39
-89
-10
-98
-8
-31
-44
-52
-12
16
24
87
-39
-9
-53
-22
-85
-98
-2
16
83
55
95
-97
26
78
69
-39
99
-47
-99
25
-34
82
66
-25
30
90
75
70
-92
94
-22
-27
-17
98
91
-78
96
57
-24
-97
-48
90
-99
-20
79
-12
38
-91
-81
47
-25
-88
40
18
-31
92
52
-6
-62
-85
-94
63
-79
-5
51
-32
44
-91
26
13
-24
-93
-58
48
72
-68
39
-91
-49
-34
59
25
-50
14
-78
23
78
-16
-55
-68
14
4
-65
54
9
57
16
20
50
64
40
-34
-65
85
14
-41
85
13
5
8
-49
59
-68
-65
-69
-75
64
39
-90
46
-78
-39
-55
-46
96
-24
-91
-24
-28
-68
-5
-92
-97
13
39
82
-9
-36
12
-99
-93
31
90
48
-94
40
9
-89
-31
-5
-45
45
27
-80
40
-78
-30
20
2
-1
92
1
80
65
-83
4
-62
87
-37
94
-52
29
18
71
-80
18
46
27
46
93
-67
-32
4
47
-7
-59
36
49
22
62
52
-30
-28
-92
46
77
13
-12
91
72
53
-90
-93
87
-22
-19
96
-30
22
-89
75
46
-20
-39
16
-58
31
-89
82
4
67
7
-4
-39
-65
-54
-82
-100
-83
-40
-100
24
27
49
53
-51
-89
65
-57
62
-79
40
-75
-5
38
-96
-98
-18
11
-27
-84
9
50
-59
57
-67
73
-1
21
59
-13
15
-63
77
-4
95
61
9
-85
-69
7
17
98
68
-14
-81
-46
-80
63
-35
37
-43
-46
-7
-97
9
-95
-97
-7
-21
-65
10
79
76
-92
-89
-48
66
49
95
52
-44
7
-98
-95
68
56
67
63
-86
65
68
-28
99
-8
16
9
-92
-10
31
39
-33
84
-55
21
-24
8
-43
59
-86
33
99
-59
-14
57
2
79
24
50
15
4
74
-56
1
-92
33
-8
21
25
12
6
94
-71
25
62
23
12
-45
-74
67
11
-78
-81
-28
-74
57
37
13
-41
92
71
4
-52
-31
45
18
40
-23
12
99
-12
34
30
65
-42
-34
-15
56
64
-26
1
6
-86
46
-67
82
66
-12
-74
91
63
87
-7
-24
-60
-82
21
-46
-8
-93
-64
-77
79
48
-95
-6
-24
28
-13
54
-92
-56
51
-35
-86
-37
15
-80
-28
35
-42
-32
60
81
73
24
-45
51
96
21
10
26
-29
-42
32
-12
-94
79
49
-61
68
25
-23
31
-76
71
-97
41
-94
-78
80
98
76
83
94
14
76
-24
43
-94
71
60
-2
-77
2
-96
8
31
-20
15
40
-7
85
-83
-75
-4
-38
-39
7
-25
-5
70
-99
-48
-16
-81
53
13
74
-31
-74
-81
-48
-50
32
-61
-27
57
31
1
2
-71
41
-83
44
-51
-77
-62
9
-82
-49
59
-100
-58
-89
-54
-62
-40
80
-8
86
-29
71
-12
62
-14
30
-36
-88
-50
-6
-5
-46
82
43
40
48
37
-82
-67
0
-22
0
90
13
-11
88
-53
-47
-30
76
79
-31
-80
57
81
32
79
-32
6
73
-70
-60
37
-99
43
11
58
-97
-59
-53
13
-69
92
-56
39
18
-77
-3
22
66
43
-42
-32
63
-62
22
-19
78
82
-30
-18
85
46
15
-12
47
-83
-95
3
35
-9
16
81
48
41
-12
-90
10
-11
-42
-33
-25
76
53
99
-29
55
95
87
80
44
-22
-35
15
-89
68
62
-9
-40
-12
65
-21
10
-28
-5
-28
-84
-12
17
61
-52
35
-84
-15
-99
-80
-72
82
-44
-64
69
-45
-76
44
1
15
48
69
91
22
-72
-77
75
51
-79
-38
-6
8
-18
-47
88
-71
-52
-70
-39
-1
-36
6
3
88
-25
-6
95
0
44
74
-18
-64
-100
17
-36
-14
-28
-26
49
-7
-100
30
79
-23
62
100
8
-74
9
57
-51
-15
-7
-9
95
-24
24
-9
-30
-12
-98
46
36
-67
1
-79
28
28
-58
61
-31
-60
20
39
-79
-90
-23
-100
59
-21
-62
-74
43
4
-99
22
-23
-23
4
-71
-24
43
41
59
58
60
-68
-38
26
-56
70
37
25
-75
-42
95
72
60
-78
-54
-1
59
-62
-22
-95
-22
46
-60
15
100
19
73
-68
-53
-61
-21
83
-20
-13
12
-33
-71
93
42
-74
-29
27
-40
18
-62
-30
91
33
52
-56
-16
6
44
75
-48
-53
22
-59
-46
0
32
1
-26
-79
4
7
66
47
-12
63
-47
-40
-33
-79
90
9
-35
59
-79
76
-9
57
67
-82
36
17
6
51
-38
29
78
92
73
-49
-74
27
54
58
83
-53
23
-56
78
-93
-36
42
-75
-51
2
20
24
-30
79
78
-79
-45
-25
-80
-25
48
-50
64
-91
15
-28
-98
90
-83
-94
-37
19
36
22
-88
-2
4
45
79
-17
90
10
-17
38
56
65
34
92
-8
-52
79
-7
61
31
16
-94
-96
32
96
91
56
99
-76
30
-65
-90
9
20
-26
-12
-85
-52
-10
7
-100
-45
-17
8
51
98
-38
54
19
60
20
-51
-35
-23
42
5
-17
76
65
17
81
-10
4
-36
4
17
96
-56
-73
-68
63
-56
21
100
-69
-11
71
76
22
-4
66
29
-87
80
-75
-5
60
-28
24
30
32
76
-60
-71
20
19
-55
-42
94
39
94
4
23
30
20
-22
95
-87
-74
99
-17
-15
35
-41
51
83
-70
31
-82
8
15
27
-29
-26
53
14
-28
57
-81
-92
45
69
-11
-85
100
-14
50
-33
9
63
-56
-19
-75
11
-98
31
99
39
79
29
-71
33
-75
64
-32
-52
71
19
-69
-94
2
-45
-29
99
85
77
-16
-52
74
36
-51
-56
75
-100
-67
10
-45
1
-37
-47
84
-10
37
-77
-53
5
44
50
-11
-59
83
-76
-68
22
-97
-41
-84
86
70
3
24
61
44
-94
14
93
-47
-82
-44
69
-88
69
59
-75
-11
84
30
-98
-23
5
70
-89
23
-87
15
-5
53
-9
19
27
-69
62
66
-26
-99
-19
86
38
34
-6
-75
95
28
-11
-100
-41
-51
-35
50
-50
-68
64
-75
-33
84
-30
-66
-25
-15
-39
6
-49
-33
-10
45
-81
-84
57
46
42
71
46
68
-43
-52
-23
-32
79
96
52
-77
39
0
91
60
-92
-7
-41
-93
100
-53
100
-42
-37
-60
-99
82
-35
15
38
68
62
-84
34
-61
11
-22
22
34
1
38
-31
-30
-81
6
-81
-79
-69
-89
55
-94
0
-30
29
19
29
19
-71
-85
99
-18
26
-9
-62
-79
-76
-96
-71
-9
-61
-3
-42
14
-53
-49
60
61
-7
-66
81
-32
54
61
33
1
-86
11
-36
-84
-60
-59
-7
20
-46
-25
-14
-37
-100
25
39
53
-29
-29
94
10
-51
18
-88
48
96
78
9
28
48
-87
55
-51
81
100
17
-6
-45
-50
-62
-50
-81
16
70
84
27
2
-98
-50
-8
44
65
97
-66
-74
-50
-15
93
28
-25
-42
78
42
75
54
10
35
10
63
2
-44
-63
37
68
-47
-95
-53
16
98
-42
-24
77
98
-30
95
23
69
-97
-43
-48
-89
-43
28
96
3
6
-77
-79
59
-3
20
-75
-78
-67
28
-53
28
57
-10
16
-100
-83
68
-52
-34
3
26
-30
-71
46
87
-80
-84
65
7
54
-45
-100
-98
89
-55
-37
8
60
-14
-64
6
-40
-8
35
11
77
-96
-87
79
-51
-92
96
-49
72
-51
55
-3
-62
48
84
-61
38
-26
-71
82
-94
99
75
5
-32
15
11
13
-87
15
78
9
-43
2
-77
-43
-59
57
64
96
69
-24
-4
81
96
-79
-41
-42
11
95
30
-38
82
82
1
-25
35
-100
59
-53
58
-43
-5
-87
-99
45
-59
-87
69
-71
67
65
24
-1
100
98
-8
-37
-4
41
-45
-33
-36
68
-1
73
-55
44
12
13
33
-20
39
54
79
-34
52
63
-77
43
-54
80
65
-11
-82
-24
-27
-53
59
-56
39
-49
85
-97
-30
40
-63
36
-57
-21
-70
19
46
81
9
3
77
-36
88
-2
14
54
78
13
21
-50
-16
-94
80
-60
80
-92
-26
-92
42
-85
52
-90
-9
-38
-63
-84
-73
-27
5
-33
98
-56
31
-83
74
15
-94
-11
-96
-48
68
32
-3
-82
-69
-27
-67
-50
-94
-100
-82
3
-44
-78
29
22
55
41
21
94
64
64
97
-50
93
59
93
-9
99
84
-41
-51
43
-87
81
33
21
-34
-13
57
5
56
-21
44
76
26
-99
41
46
-89
43
-82
87
44
-68
-2
-35
26
72
-77
-72
-21
-82
-96
-40
-60
-33
25
70
40
18
88
1
3
18
70
26
67
52
-22
95
-61
57
-76
39
-67
-61
61
90
-54
-35
-33
21
-64
-4
2
51
52
57
42
82
-29
-14
-71
21
89
-5
92
-71
100
-1
-29
-12
-93
-40
-90
90
3
-79
-90
-93
67
-38
-14
-60
97
24
-56
-53
4
71
-24
-27
-76
-55
23
1
-97
85
25
-99
-63
-28
-24
-7
-23
-14
13
-13
-44
25
-38
-8
42
18
25
-3
41
21
32
-16
-31
58
-82
80
48
-47
-43
-4
-57
-99
30
-90
-32
28
-76
-40
67
100
-48
-5
-83
-42
5
-89
63
-29
99
-99
-31
91
-53
-39
-2
67
-16
71
72
-4
60
45
-70
82
-1
-99
-3
-47
13
-88
46
-71
19
-63
-18
-74
-38
57
82
89
-50
62
10
-90
67
-85
18
82
99
-4
8
0
-31
-98
-96
72
-24
70
57
19
-16
-84
-7
-63
-56
-53
-28
1
33
35
99
-87
54
31
-8
66
-39
-39
-23
-90
42
16
69
39
53
-94
-55
-19
-68
-27
1
34
-86
94
-65
-16
-30
71
91
-37
39
78
60
13
37
61
43
-65
-17
-12
-93
-38
-81
-65
13
-52
6
86
82
-71
-96
-34
65
61
96
74
-81
84
100
81
43
24
-62
-71
35
-93
51
20
-62
-36
100
-9
-51
46
-10
99
-47
-89
30
69
14
-41
-66
42
86
4
48
-60
19
-84
-21
-88
-49
-18
84
83
83
31
-73
-40
-36
3
-62
-69
35
11
-39
60
34
33
-100
-34
-25
96
-35
-44
-31
-55
-64
-69
-37
25
68
-88
-92
-40
-74
0
100
-62
-78
14
-37
-89
-93
-19
-83
1
-14
-92
-59
7
-28
-15
-83
-2
36
-66
78
-35
17
-97
37
-31
-56
62
35
87
18
37
-74
-93
-29
40
16
79
-54
61
-91
-7
50
61
96
-99
-41
77
-62
-95
66
21
-69
-15
69
37
85
-99
94
-38
-76
-8
97
-91
79
-8
93
55
-7
-83
71
48
57
-38
-47
38
-6
-63
48
62
32
-49
-72
44
19
99
-35
60
21
-26
46
14
74
-58
32
-39
-8
10
-86
-45
9
56
24
-82
-41
-100
65
-14
28
76
22
48
-1
0
-21
51
55
-66
17
73
-95
74
-22
29
-48
-54
-21
-72
31
-27
-5
11
76
-72
-74
-21
-77
-97
-81
0
8
3
59
88
26
-67
-85
61
-65
95
80
33
-82
-37
-6
39
-55
19
-2
57
-96
-95
14
81
64
-35
43
85
84
79
-57
-87
81
75
-66
88
-32
-10
33
-46
57
69
-41
-25
30
-20
-99
59
-4
-5
-80
-52
10
0
9
-30
5
-6
52
-71
-72
-29
68
62
-14
97
34
-98
30
-80
-53
4
29
-18
23
92
-63
0
4
-77
7
-72
-41
-84
-61
-55
-43
61
63
-8
84
89
-77
-88
-43
52
95
20
85
-48
51
6
16
20
47
-85
71
66
52
-88
50
53
-48
9
34
-61
-3
34
77
8
-86
94
-54
21
57
-77
1
-45
97
-5
-18
33
-15
-51
-43
-9
-52
82
-16
-11
11
26
36
-4
-62
4
-41
-92
-14
87
-41
38
0
-86
31
73
-71
37
65
1
-31
-55
-22
20
-4
66
61
8
26
-40
60
-68
74
-74
41
88
1
97
54
-93
-95
50
76
-63
-99
-44
-60
19
85
19
21
63
78
-69
-89
29
-34
4
-14
-55
58
66
-21
41
50
4
10
-30
-35
-26
-24
55
-52
77
-10
-6
100
85
64
-3
18
-80
-58
64
-84
-79
73
99
-75
29
55
100
6
-36
72
45
-6
-84
-82
-84
37
-79
53
-23
93
5
-15
-24
-16
75
15
25
69
57
-34
48
-42
97
-93
-48
91
-72
-20
18
-70
-82
12
-48
-18
10
-31
47
-42
-64
-29
10
24
58
-58
-79
98
-85
-73
-51
44
86
-48
91
-53
-67
90
80
79
98
58
-62
-93
-12
-49
-30
8
-62
16
-1
-55
99
49
-45
27
-18
-52
20
29
34
80
-19
33
76
85
-25
12
33
-5
-11
-21
-57
22
-89
-55
-88
95
-43
51
95
90
-45
7
-80
-67
58
-42
-19
-92
-14
-63
36
-20
50
58
-35
73
-75
79
-48
38
33
17
-21
-15
-46
72
-10
15
-16
-11
91
-75
-32
18
28
-33
-34
-50
72
-75
52
9
-52
